Recursive Fibonacci Benchmark: Fib(32)
Fib(32) =  2178309.000000000    
CPUSEC:  0.000000000000000    
