Recursive Fibonacci Benchmark: Fib(5)
Fib(5) =  5.000000000000000    
CPUSEC: 0.1000000000000024E-06
