Recursive Fibonacci Benchmark: Fib(30)
Fib(30) =  832040.0000000000    
CPUSEC: 0.2882700000000000E-02
