Recursive Fibonacci Benchmark: Fib(20)
Fib(20) =  6765.000000000000    
CPUSEC: 0.2330000000000000E-04
