Recursive Fibonacci Benchmark: Fib(30)
Fib(30) =  832040.0000000000    
CPUSEC: 0.0000000000000000E-07
