Recursive Fibonacci Benchmark: Fib(40)
Fib(40) =  102334155.0000000    
CPUSEC:  0.000000000000000    
