Matrix Inversion Benchmark: 15x15, 2000 repetitions
Last error flag:  0.000000000000000    
B(1)(1): 0.6627705534759581E-01
B(8)(8): 0.6336432773946555E-01
CPUSEC: 0.6353300000000000E-02
