M1: 0.000000000000000     0.000000000000000    
M2: 0.000000000000000     1.000000000000000    
M3: 1.000000000000000     0.000000000000000    
M4: 0.000000000000000     2.000000000000000    
M5: 1.000000000000000     1.000000000000000    
M6: 2.000000000000000     0.000000000000000    
M7: 0.000000000000000     3.000000000000000    
M8: 1.000000000000000     2.000000000000000    
M9: 2.000000000000000     1.000000000000000    
M10: 3.000000000000000     0.000000000000000    
dacode ok
